1 0.11833596229553223 0.049299005419015884 0.9959999999999999
2 0.08135682344436646 0.02943200245499611 0.9459
3 0.07537498325109482 0.027417996898293495 0.9399000000000001
4 0.07423871010541916 0.02683900110423565 0.9331999999999999
5 0.0730455294251442 0.026497000828385353 0.9279000000000002
6 0.07260816544294357 0.026315001770853996 0.9314000000000002
7 0.07268217951059341 0.026162996888160706 0.9282999999999999
8 0.0731358602643013 0.026600003242492676 0.9316000000000001
9 0.07344134896993637 0.026353001594543457 0.9317
10 0.07209116965532303 0.026006996631622314 0.9282000000000001
11 0.07170804589986801 0.02588699758052826 0.9243
12 0.0676092803478241 0.02461399883031845 0.9115
13 0.06408559530973434 0.02300899848341942 0.8957
14 0.05769013985991478 0.02072400227189064 0.8654999999999999
15 0.05389111116528511 0.01915999874472618 0.8325999999999999
16 0.04959283769130707 0.017424000427126884 0.7915000000000001
17 0.04933873936533928 0.01739099994301796 0.7917000000000002
18 0.048144854605197906 0.0170579981058836 0.7783
19 0.047344934195280075 0.016579000279307365 0.7668
20 0.04805817827582359 0.016887998208403587 0.7641
21 0.04756913706660271 0.016575001180171967 0.7521000000000001
22 0.045703958719968796 0.016235999763011932 0.7488000000000002
23 0.04630595073103905 0.01589300110936165 0.7419
24 0.0454535149037838 0.01596600003540516 0.7345999999999999
25 0.046309735625982285 0.01612200029194355 0.738
26 0.045022521167993546 0.015500999055802822 0.7202000000000001
27 0.04372173175215721 0.01539199985563755 0.7226000000000001
28 0.04586229845881462 0.015630999580025673 0.7285999999999999
29 0.043252356350421906 0.015188999474048615 0.7133
30 0.042922135442495346 0.014712999574840069 0.7043999999999999
31 0.04306425899267197 0.014827998355031013 0.7071000000000001
32 0.04233187064528465 0.014715000055730343 0.7008999999999999
33 0.04172627627849579 0.014529000036418438 0.6977
34 0.039822135120630264 0.013674999587237835 0.6737000000000001
35 0.03872518241405487 0.013463999144732952 0.6724
36 0.039227213710546494 0.013452999293804169 0.6699
37 0.037651460617780685 0.01296399999409914 0.6523
38 0.038950975984334946 0.013655999675393105 0.6636000000000001
39 0.03698855638504028 0.012865997850894928 0.6467999999999999
40 0.03706727549433708 0.012867999263107777 0.6529
41 0.03638678044080734 0.012611000798642635 0.6314
42 0.03615992143750191 0.012345999479293823 0.6339
43 0.035788245499134064 0.012377000413835049 0.6259
44 0.0353260412812233 0.012383999302983284 0.635
45 0.0358889177441597 0.012275001034140587 0.6331
46 0.034989356994628906 0.012121000327169895 0.6272
47 0.03445037826895714 0.012103000655770302 0.6255000000000001
48 0.03443151339888573 0.011726999655365944 0.6136999999999999
49 0.03499877452850342 0.011973000131547451 0.6116
50 0.03381709009408951 0.011566000990569592 0.6020999999999999
51 0.0363590307533741 0.012151998467743397 0.6184
52 0.03416966646909714 0.011412999592721462 0.5973
53 0.034194331616163254 0.0115130003541708 0.5959000000000001
54 0.03338243067264557 0.011409000493586063 0.5918000000000002
55 0.032668858766555786 0.01130599994212389 0.5922000000000001
56 0.03279777243733406 0.011263999156653881 0.5884999999999998
57 0.0326189287006855 0.011473999358713627 0.5999
58 0.03286921977996826 0.01130599994212389 0.5976000000000001
59 0.03129374235868454 0.010927999392151833 0.5848
60 0.032299354672431946 0.010913999751210213 0.5771
61 0.0325300507247448 0.011304999701678753 0.5866
62 0.03178657591342926 0.010888000018894672 0.5746
63 0.031651973724365234 0.010715999640524387 0.5677000000000001
64 0.03311070054769516 0.011293000541627407 0.5804
65 0.031678106635808945 0.010903001762926579 0.5671999999999999
66 0.030888963490724564 0.01076500117778778 0.5679000000000001
67 0.03056027553975582 0.01055199932307005 0.558
68 0.03041544370353222 0.010515999980270863 0.5551000000000001
69 0.030754316598176956 0.010534999892115593 0.5576000000000001
70 0.031101567670702934 0.010451999492943287 0.5591000000000002
71 0.031985990703105927 0.010456999763846397 0.5581999999999999
72 0.029943982139229774 0.010266999714076519 0.5536000000000001
73 0.029763683676719666 0.01021099928766489 0.5429999999999999
74 0.03286160156130791 0.010734000243246555 0.5581999999999999
75 0.030158579349517822 0.010288000106811523 0.5392
76 0.030108997598290443 0.01045799907296896 0.5418999999999999
77 0.03000464476644993 0.010350999422371387 0.5463999999999999
78 0.03061721660196781 0.010326000861823559 0.5446
79 0.030440622940659523 0.010168998502194881 0.5388999999999999
80 0.02935742400586605 0.010125999338924885 0.5433
81 0.02946414425969124 0.010237998329102993 0.5418999999999999
82 0.02907419018447399 0.009769000113010406 0.5155000000000001
83 0.029971156269311905 0.009938000701367855 0.5255000000000001
84 0.030340850353240967 0.0103480014950037 0.5439999999999999
85 0.029527170583605766 0.009802001528441906 0.5217000000000002
86 0.030210835859179497 0.010185998864471912 0.5391000000000001
87 0.02893158607184887 0.009948000311851501 0.5279
88 0.030639177188277245 0.01068700011819601 0.551
89 0.02985830418765545 0.010099000297486782 0.5273
90 0.02839229442179203 0.009843001142144203 0.5177
91 0.028277888894081116 0.009786000475287437 0.5235000000000001
92 0.02845815382897854 0.009778001345694065 0.5187
93 0.02832200564444065 0.009684000164270401 0.5151
94 0.028380900621414185 0.009824000298976898 0.5197
95 0.03089025989174843 0.01023200061172247 0.5366
96 0.029124049469828606 0.0097190011292696 0.5144
97 0.029661161825060844 0.010025999508798122 0.5259
98 0.02806718461215496 0.009628999046981335 0.5167999999999999
99 0.027722656726837158 0.009552999399602413 0.5104
100 0.027883514761924744 0.009519999846816063 0.5066000000000002
101 0.027866298332810402 0.009621999226510525 0.5092000000000001
102 0.030912134796380997 0.01061799842864275 0.5407000000000001
103 0.027906322851777077 0.00950200017541647 0.5071000000000001
104 0.029084239155054092 0.009677999652922153 0.506
105 0.02796541154384613 0.009140999987721443 0.49289999999999995
106 0.02788005769252777 0.009417000226676464 0.49619999999999986
107 0.02871672250330448 0.009533999487757683 0.5021000000000001
108 0.027439121156930923 0.009186000563204288 0.4973000000000001
109 0.031450305134058 0.010659999214112759 0.5441999999999999
110 0.027990246191620827 0.00953699927777052 0.5122
111 0.0284001212567091 0.009286998771131039 0.49949999999999994
112 0.028820956125855446 0.009566999971866608 0.5066
113 0.02831234037876129 0.00967399962246418 0.5180999999999999
114 0.028091415762901306 0.009511000476777554 0.49840000000000007
115 0.02712421678006649 0.009260999970138073 0.5045
116 0.028356388211250305 0.009595999494194984 0.5153000000000001
117 0.027540316805243492 0.009308000095188618 0.4974
118 0.027902645990252495 0.008995000272989273 0.48929999999999996
119 0.027003271505236626 0.009271999821066856 0.4988999999999999
120 0.028179151937365532 0.009457001462578773 0.5105000000000002
