1 0.09721191972494125 0.03550199791789055 0.9705999999999998
2 0.08149031549692154 0.03002999722957611 0.9491999999999999
3 0.07497163861989975 0.02757899835705757 0.9358000000000001
4 0.07707814872264862 0.027348998934030533 0.933
5 0.07277747243642807 0.02660600282251835 0.9286999999999999
6 0.07130078226327896 0.02615799568593502 0.9262
7 0.06862451136112213 0.0252159982919693 0.9169
8 0.061515867710113525 0.021908000111579895 0.8802
9 0.05693194270133972 0.02035200037062168 0.8570000000000002
10 0.05064638331532478 0.018046999350190163 0.8164999999999998
11 0.048729609698057175 0.017299002036452293 0.7916000000000001
12 0.04731694981455803 0.017031000927090645 0.7825
13 0.04742061719298363 0.01697000116109848 0.7826000000000002
14 0.049348048865795135 0.01761600188910961 0.7920000000000003
15 0.04813945293426514 0.017292996868491173 0.7847
16 0.04846681281924248 0.017176998779177666 0.7835000000000001
17 0.04805898666381836 0.01730399765074253 0.7871
18 0.04744379222393036 0.017115997150540352 0.783
19 0.04856479912996292 0.01747399941086769 0.7908000000000001
20 0.04835747554898262 0.017066998407244682 0.7771
21 0.04755619168281555 0.01704399846494198 0.7794000000000001
22 0.04783269390463829 0.017025001347064972 0.7870000000000001
23 0.04824906215071678 0.017136000096797943 0.7850000000000001
24 0.04786957427859306 0.017208000645041466 0.7898
25 0.048618871718645096 0.016939997673034668 0.7766000000000001
26 0.04949032887816429 0.017252996563911438 0.7837
27 0.04847119003534317 0.0174460019916296 0.7864000000000002
28 0.04834531992673874 0.017222000285983086 0.7883
29 0.04813159257173538 0.017396999523043633 0.7845000000000001
30 0.04824051260948181 0.017171001061797142 0.7816
31 0.04780755192041397 0.01691499911248684 0.7769
32 0.04837767407298088 0.01726599782705307 0.7875000000000002
33 0.04813995584845543 0.017198000103235245 0.7862
34 0.04758771136403084 0.017113998532295227 0.7795
35 0.04831177741289139 0.0171780027449131 0.7712000000000001
36 0.04862939938902855 0.01706399954855442 0.7842
37 0.047496434301137924 0.017018001526594162 0.7727999999999999
38 0.0483177974820137 0.017229000106453896 0.7792999999999999
39 0.047994691878557205 0.01727299951016903 0.7816000000000001
40 0.04798778519034386 0.01713699661195278 0.7773000000000001
41 0.04711208492517471 0.017007999122142792 0.7756
42 0.04741691052913666 0.016964001581072807 0.7800999999999999
43 0.04914448410272598 0.017231998965144157 0.7875000000000001
44 0.04731646180152893 0.01702900044620037 0.7788
45 0.047794513404369354 0.01709200069308281 0.7799
46 0.04839656502008438 0.017176998779177666 0.7865
47 0.04777838662266731 0.016983000561594963 0.7781000000000001
48 0.04722115769982338 0.016878003254532814 0.7736000000000001
49 0.04792548716068268 0.017090998589992523 0.7738
50 0.04751722514629364 0.0170539990067482 0.7798
51 0.04839771240949631 0.01700800284743309 0.7821000000000001
52 0.04848485812544823 0.01740100048482418 0.7861
53 0.04812774434685707 0.01715799979865551 0.7811000000000001
54 0.049344636499881744 0.017193002626299858 0.779
55 0.04713325574994087 0.016800999641418457 0.7797000000000002
56 0.0484757274389267 0.017035000026226044 0.7777999999999999
57 0.04775688424706459 0.01716800034046173 0.7809999999999999
58 0.048254650086164474 0.017055999487638474 0.7797000000000001
59 0.04744619131088257 0.016913000494241714 0.7743
60 0.048103850334882736 0.01713000051677227 0.778
61 0.047417785972356796 0.017131997272372246 0.7768
62 0.04751536622643471 0.016983000561594963 0.7777
63 0.048629965633153915 0.016993997618556023 0.7802
64 0.04778021574020386 0.017056001350283623 0.7770000000000001
65 0.047480855137109756 0.01689699850976467 0.7761000000000002
66 0.04763353243470192 0.0170579981058836 0.7783
67 0.047410812228918076 0.016969000920653343 0.7807000000000001
68 0.04819117486476898 0.017256001010537148 0.7813000000000001
69 0.04853199049830437 0.017253002151846886 0.7821
70 0.04832841828465462 0.01706399954855442 0.7731999999999999
71 0.04853115230798721 0.017240000888705254 0.7857999999999999
72 0.04756522923707962 0.016909999772906303 0.7797000000000002
73 0.048847757279872894 0.017260998487472534 0.7823999999999999
74 0.047764986753463745 0.016968000680208206 0.7774
75 0.04789987951517105 0.0169569980353117 0.7758
76 0.04823977127671242 0.017274999991059303 0.7757
77 0.0485968254506588 0.01720699854195118 0.7825000000000001
78 0.04789873585104942 0.017054999247193336 0.7754999999999999
79 0.047894399613142014 0.017235999926924706 0.7803
80 0.048033080995082855 0.01712999865412712 0.7752000000000001
81 0.04834654927253723 0.017194999381899834 0.7860000000000001
82 0.047641322016716 0.017089998349547386 0.7791
83 0.047969549894332886 0.017223000526428223 0.7819
84 0.04772749915719032 0.017130998894572258 0.78
85 0.04731864109635353 0.016790000721812248 0.7801000000000001
86 0.04855233430862427 0.017388999462127686 0.7878000000000001
87 0.04874863848090172 0.017148001119494438 0.7809
88 0.047955844551324844 0.017196999862790108 0.782
89 0.04886646196246147 0.017340002581477165 0.7808
90 0.047827739268541336 0.017291000112891197 0.7842
91 0.04800122603774071 0.017047999426722527 0.7741999999999999
92 0.047698281705379486 0.0169569980353117 0.777
93 0.04814475402235985 0.01708499900996685 0.7846
94 0.048510532826185226 0.01762699894607067 0.7908000000000001
95 0.04818292334675789 0.017277000471949577 0.7874999999999999
96 0.04770993813872337 0.016961999237537384 0.7759
97 0.047708991914987564 0.01683799922466278 0.7809999999999999
98 0.048249512910842896 0.01716499775648117 0.7792000000000001
99 0.04870828241109848 0.017232000827789307 0.7807999999999999
100 0.048204950988292694 0.017058001831173897 0.7797
101 0.04811026528477669 0.017121000215411186 0.7835000000000001
102 0.04808836802840233 0.01705699972808361 0.7798
103 0.048192400485277176 0.017052000388503075 0.7757999999999999
104 0.04852757975459099 0.017266999930143356 0.7878999999999999
105 0.047903917729854584 0.016992000862956047 0.7767
106 0.04764772951602936 0.017002999782562256 0.7780999999999999
107 0.04796355590224266 0.017038000747561455 0.7756000000000001
108 0.047515418380498886 0.016763998195528984 0.7708
109 0.04835840314626694 0.01724099926650524 0.7841999999999999
110 0.048663850873708725 0.017110001295804977 0.7790000000000001
111 0.04778851941227913 0.017006000503897667 0.7827999999999999
112 0.047838158905506134 0.01696399785578251 0.7752000000000001
113 0.04738669842481613 0.01693500019609928 0.7816000000000001
114 0.04818497225642204 0.01714099943637848 0.7757
115 0.04825683310627937 0.017124999314546585 0.7734000000000001
116 0.047277115285396576 0.016864998266100883 0.7746000000000001
117 0.04760852828621864 0.01695599965751171 0.7735000000000001
118 0.04862666875123978 0.017468998208642006 0.782
119 0.04837850481271744 0.017193999141454697 0.7784000000000001
120 0.04712783545255661 0.016969000920653343 0.7773000000000001
