1 0.2953536808490753 0.12559819221496582 0.9999799999999999
2 0.13497045636177063 0.051678791642189026 0.9883599999999998
3 0.09669403731822968 0.03585439920425415 0.9620800000000003
4 0.08503028005361557 0.03128339350223541 0.9496600000000001
5 0.0794098898768425 0.028964992612600327 0.9400599999999999
6 0.07665422558784485 0.027966197580099106 0.9342
7 0.07465706765651703 0.027255406603217125 0.9338800000000002
8 0.0740978792309761 0.026993397623300552 0.93158
9 0.0734272301197052 0.02664419636130333 0.9300999999999998
10 0.07308544218540192 0.026479598134756088 0.9317799999999999
11 0.07241298258304596 0.026443801820278168 0.9305199999999998
12 0.0722673088312149 0.026360196992754936 0.93076
13 0.07185700535774231 0.02606239542365074 0.9266599999999999
14 0.07199029624462128 0.02618580125272274 0.92942
15 0.07182575762271881 0.02614700421690941 0.92958
16 0.07203692942857742 0.02620619535446167 0.92936
17 0.07154703140258789 0.026075005531311035 0.9283599999999999
18 0.07230178266763687 0.026192599907517433 0.9302799999999998
19 0.07139965146780014 0.02595919743180275 0.9297799999999996
20 0.07193639129400253 0.025975001975893974 0.9277799999999998
21 0.07191774994134903 0.02612060308456421 0.9287599999999998
22 0.07166776806116104 0.026054000481963158 0.9291400000000002
23 0.07171843200922012 0.026044396683573723 0.9304999999999997
24 0.07068244367837906 0.025909997522830963 0.9276799999999998
25 0.07140009105205536 0.02610340341925621 0.9285399999999997
26 0.07143918424844742 0.026032600551843643 0.9299000000000003
27 0.07185637950897217 0.02600800059735775 0.9262599999999999
28 0.0715629905462265 0.025846801698207855 0.9273199999999998
29 0.07069368660449982 0.02571539767086506 0.9275999999999999
30 0.0712062418460846 0.025926804170012474 0.9280999999999997
31 0.07139108330011368 0.02598559483885765 0.9284399999999998
32 0.07111747562885284 0.025949804112315178 0.92684
33 0.07105270028114319 0.025897201150655746 0.9276199999999999
34 0.07019257545471191 0.02562359720468521 0.92458
35 0.06763405352830887 0.024619000032544136 0.91566
36 0.06272661685943604 0.022628597915172577 0.8932200000000005
37 0.055006008595228195 0.019694602116942406 0.8464199999999998
38 0.050020523369312286 0.01779939979314804 0.8092199999999998
39 0.04885486140847206 0.01741900108754635 0.79334
40 0.04804409295320511 0.017060598358511925 0.78408
41 0.0481388121843338 0.017173999920487404 0.7817800000000001
42 0.048125214874744415 0.01711059734225273 0.7813399999999997
43 0.04801207780838013 0.017003998160362244 0.7816800000000002
44 0.04797302559018135 0.01710760034620762 0.78124
45 0.048118963837623596 0.01707259938120842 0.7783400000000001
46 0.04769990220665932 0.017024001106619835 0.7787200000000004
47 0.047826092690229416 0.017026998102664948 0.7783399999999999
48 0.04796551540493965 0.01709280163049698 0.7813399999999997
49 0.04802510514855385 0.01708100363612175 0.7790800000000001
50 0.047739651054143906 0.0169839970767498 0.77846
51 0.04768606647849083 0.0170407947152853 0.7793800000000002
52 0.04767175018787384 0.017014799639582634 0.7796800000000002
53 0.04767506197094917 0.016913997009396553 0.7762200000000002
54 0.047841496765613556 0.01698319800198078 0.7771600000000002
55 0.047813788056373596 0.01698259823024273 0.7782400000000002
56 0.04760190472006798 0.01695059984922409 0.7767000000000001
57 0.04745308309793472 0.016835400834679604 0.7747399999999998
58 0.04790527746081352 0.017075998708605766 0.77752
59 0.0476677268743515 0.016881201416254044 0.77606
60 0.04761325567960739 0.01689779944717884 0.7777000000000005
61 0.04790655896067619 0.017071999609470367 0.7803000000000001
62 0.04768845811486244 0.01691499911248684 0.7768800000000001
63 0.047625310719013214 0.016905998811125755 0.7761
64 0.04764189571142197 0.016924597322940826 0.7760199999999999
65 0.047783635556697845 0.017053397372364998 0.7775400000000002
66 0.047402262687683105 0.01679939776659012 0.774
67 0.04734230041503906 0.0169272031635046 0.7780000000000004
68 0.04737144708633423 0.016818001866340637 0.7734999999999999
69 0.04753914102911949 0.01690099760890007 0.7767200000000004
70 0.047894638031721115 0.01691640168428421 0.7751
71 0.04775214567780495 0.0170012004673481 0.7777000000000003
72 0.04773508012294769 0.01700739935040474 0.7804400000000001
73 0.04781540110707283 0.016956597566604614 0.7787800000000001
74 0.047917213290929794 0.016971198841929436 0.7747999999999999
75 0.04763283580541611 0.01690100133419037 0.7748
76 0.047757938504219055 0.016953999176621437 0.7765000000000001
77 0.04750325158238411 0.016893599182367325 0.7748400000000001
78 0.047534774988889694 0.01688619889318943 0.7779599999999999
79 0.04781452566385269 0.016953200101852417 0.77772
80 0.04762111231684685 0.016948796808719635 0.7760799999999998
81 0.04759414494037628 0.016970999538898468 0.77744
82 0.04720824956893921 0.016784198582172394 0.7729600000000001
83 0.04768506810069084 0.016906600445508957 0.7754800000000002
84 0.047592420130968094 0.0169794000685215 0.7779600000000002
85 0.04776444658637047 0.017005598172545433 0.7764399999999999
86 0.047428425401449203 0.016819998621940613 0.7754400000000001
87 0.047622665762901306 0.016933200880885124 0.7782800000000001
88 0.04741531237959862 0.016870802268385887 0.7769599999999999
89 0.047789186239242554 0.017070399597287178 0.7769799999999999
90 0.04776199162006378 0.017031798139214516 0.77892
91 0.0477672815322876 0.01698559895157814 0.7750800000000001
92 0.0474577434360981 0.017066597938537598 0.7797800000000001
93 0.047424543648958206 0.016885997727513313 0.7760600000000001
94 0.04754865542054176 0.016942597925662994 0.7792199999999998
95 0.04751509428024292 0.01691119745373726 0.7788200000000002
96 0.047157835215330124 0.016778601333498955 0.7749799999999999
97 0.04753779247403145 0.016831999644637108 0.7744200000000001
98 0.04757275432348251 0.01703540049493313 0.7775000000000002
99 0.0477614626288414 0.01699400320649147 0.7777000000000001
100 0.04795393347740173 0.017075400799512863 0.77968
101 0.0478467233479023 0.016846399754285812 0.7754799999999998
102 0.047425199300050735 0.01693880371749401 0.7759200000000003
103 0.04765795171260834 0.016984598711133003 0.7789999999999999
104 0.04726327955722809 0.016866201534867287 0.77412
105 0.047735147178173065 0.017056196928024292 0.77962
106 0.04755701869726181 0.016885800287127495 0.7759800000000001
107 0.04749566316604614 0.016936998814344406 0.7779200000000002
108 0.04761708155274391 0.016914797946810722 0.7750800000000002
109 0.04765507951378822 0.016912201419472694 0.7784000000000002
110 0.047626860439777374 0.016885800287127495 0.7746800000000005
111 0.047510746866464615 0.016928397119045258 0.7749000000000001
112 0.04772968590259552 0.01701040007174015 0.7769400000000002
113 0.04756584018468857 0.016898997128009796 0.7772399999999999
114 0.04775507003068924 0.016948599368333817 0.7742200000000001
115 0.04779534786939621 0.016891801729798317 0.7757999999999999
116 0.047542739659547806 0.016875799745321274 0.777
117 0.04773527383804321 0.017023596912622452 0.77658
118 0.04772108793258667 0.016980396583676338 0.7744000000000001
119 0.04745479300618172 0.016896599903702736 0.7740000000000002
120 0.047593798488378525 0.016908198595046997 0.7771000000000001
