1 0.1141243726015091 0.042666997760534286 0.9835
2 0.08414444327354431 0.03120199777185917 0.9482000000000002
3 0.07926023006439209 0.02884499542415142 0.9411000000000002
4 0.07454622536897659 0.027199000120162964 0.9312999999999999
5 0.07205680012702942 0.026158003136515617 0.9290000000000003
6 0.06844595819711685 0.024946000427007675 0.9171000000000002
7 0.0626944974064827 0.02240699902176857 0.8934000000000001
8 0.05457437038421631 0.01954999752342701 0.8443999999999999
9 0.050846368074417114 0.01791900210082531 0.8119999999999999
10 0.049539756029844284 0.017708998173475266 0.7998999999999999
11 0.04932239279150963 0.01727999746799469 0.7842
12 0.04813823848962784 0.017128001898527145 0.7846
13 0.04865490272641182 0.01718199998140335 0.7831
14 0.04805415868759155 0.017162000760436058 0.7774000000000001
15 0.04851783066987991 0.01688000187277794 0.7765
16 0.04882034286856651 0.01725899800658226 0.7823
17 0.04880363866686821 0.017534000799059868 0.7898
18 0.048279423266649246 0.01732500083744526 0.7871
19 0.048423320055007935 0.01725500263273716 0.7852000000000001
20 0.048715557903051376 0.017030999064445496 0.7797000000000001
21 0.04841567203402519 0.01702900044620037 0.783
22 0.04781533032655716 0.01717499829828739 0.7793999999999999
23 0.04817849397659302 0.0169529989361763 0.7792
24 0.04884478077292442 0.017285000532865524 0.7881
25 0.04798195883631706 0.017110997810959816 0.7853
26 0.04853862151503563 0.01717500202357769 0.7744000000000001
27 0.04846079647541046 0.01732499897480011 0.7882
28 0.047381944954395294 0.016857000067830086 0.7802000000000001
29 0.04880061373114586 0.017103999853134155 0.7783000000000001
30 0.04841676354408264 0.017239002510905266 0.7812999999999999
31 0.04774736613035202 0.016894999891519547 0.7772
32 0.04891060292720795 0.01750899851322174 0.7883
33 0.04791274294257164 0.01719999872148037 0.7798999999999999
34 0.048097580671310425 0.017000000923871994 0.7798
35 0.04874986782670021 0.0172870010137558 0.7835000000000001
36 0.04828314855694771 0.017054999247193336 0.7734
37 0.0479208342730999 0.01706400141119957 0.7733000000000001
38 0.04796626418828964 0.016933998093008995 0.7784
39 0.04812861233949661 0.017167000100016594 0.7849
40 0.049126822501420975 0.01720999740064144 0.7877000000000001
41 0.04840300977230072 0.017061999067664146 0.7752000000000001
42 0.04875800758600235 0.017465000972151756 0.7857999999999999
43 0.04871978238224983 0.01723799668252468 0.7834000000000001
44 0.04885586351156235 0.017270999029278755 0.7800999999999999
45 0.048368651419878006 0.01709599979221821 0.7796000000000001
46 0.049175456166267395 0.017304999753832817 0.7851000000000001
47 0.04854265972971916 0.017194999381899834 0.7795000000000001
48 0.04869077354669571 0.017363999038934708 0.7847000000000002
49 0.047843750566244125 0.016989000141620636 0.7769
50 0.04848247393965721 0.017243001610040665 0.7823999999999999
51 0.0481974333524704 0.016892997547984123 0.7747
52 0.04887501150369644 0.017090996727347374 0.7718
53 0.04794606566429138 0.017176000401377678 0.7759
54 0.04873650148510933 0.017305999994277954 0.7895
55 0.04867275804281235 0.017392000183463097 0.7868999999999999
56 0.04774634167551994 0.01695600152015686 0.7790000000000001
57 0.04777718707919121 0.016957001760601997 0.7755000000000001
58 0.04798752814531326 0.01715799979865551 0.7830000000000001
59 0.04764997959136963 0.01685900054872036 0.7753
60 0.0481722466647625 0.016923001036047935 0.7817000000000001
61 0.04976560175418854 0.017539000138640404 0.7815999999999999
62 0.04897115007042885 0.017303001135587692 0.7825000000000001
63 0.04858934506773949 0.017280997708439827 0.7843
64 0.04854414984583855 0.01703999750316143 0.7785
65 0.0480579249560833 0.0169220007956028 0.7768999999999999
66 0.0473816804587841 0.016902001574635506 0.7756000000000001
67 0.047589048743247986 0.01687599904835224 0.7786000000000001
68 0.04759616777300835 0.016923001036047935 0.7816000000000002
69 0.048523079603910446 0.01720300130546093 0.7746000000000002
70 0.0482381135225296 0.017014000564813614 0.7804
71 0.04805615171790123 0.017266998067498207 0.7802
72 0.048759978264570236 0.017288999632000923 0.7827
73 0.04781069979071617 0.017047999426722527 0.7775000000000001
74 0.0479993000626564 0.016690000891685486 0.7706
75 0.04826463386416435 0.017109999433159828 0.78
76 0.047639377415180206 0.016997000202536583 0.7742000000000001
77 0.04729880020022392 0.01692900061607361 0.7724999999999997
78 0.049070920795202255 0.01728699915111065 0.7876000000000001
79 0.04811806231737137 0.017070000991225243 0.7844
80 0.04861946031451225 0.017395997419953346 0.7892000000000001
81 0.04847782477736473 0.017136000096797943 0.7786000000000002
82 0.047500330954790115 0.01716100238263607 0.7847999999999999
83 0.04751743748784065 0.017221003770828247 0.7814
84 0.04778200015425682 0.016908003017306328 0.7758999999999999
85 0.04858119413256645 0.01726899854838848 0.7826000000000001
86 0.04748542606830597 0.01706100068986416 0.7855
87 0.04842716455459595 0.01697400026023388 0.7802000000000001
88 0.04799087345600128 0.017094001173973083 0.7790000000000001
89 0.04794701561331749 0.017122002318501472 0.7768000000000002
90 0.04845995828509331 0.01726900041103363 0.7788
91 0.04754224792122841 0.01671300083398819 0.7702
92 0.048247963190078735 0.017041997984051704 0.775
93 0.0480511449277401 0.01711299829185009 0.7845000000000001
94 0.04714878648519516 0.016808999702334404 0.7739
95 0.04759710282087326 0.01690000109374523 0.7748000000000002
96 0.048761021345853806 0.01734199933707714 0.7824
97 0.04753253981471062 0.01704300008714199 0.7770000000000001
98 0.04757026955485344 0.016746999695897102 0.7797
99 0.04821566864848137 0.017163999378681183 0.7774
100 0.04735758528113365 0.016860999166965485 0.7777
101 0.047163572162389755 0.01685499958693981 0.7759999999999999
102 0.04746707156300545 0.017069002613425255 0.7757
103 0.04783860966563225 0.017138998955488205 0.78
104 0.04801670089364052 0.0170810017734766 0.7792
105 0.04812204837799072 0.017018998041749 0.7776
106 0.0483456514775753 0.017207002267241478 0.7759999999999999
107 0.04827874153852463 0.017066000029444695 0.7737
108 0.04781448096036911 0.0171549990773201 0.7874999999999999
109 0.04817018285393715 0.01721399836242199 0.7832000000000001
110 0.04806696996092796 0.01698100008070469 0.776
111 0.04791133850812912 0.017219997942447662 0.7822000000000001
112 0.04774152487516403 0.01709500141441822 0.7839
113 0.04814651608467102 0.016923999413847923 0.7788999999999999
114 0.04772350937128067 0.01692800037562847 0.7722
115 0.047944266349077225 0.01724500022828579 0.7824000000000002
116 0.0479138121008873 0.01686999946832657 0.7770999999999999
117 0.04808173328638077 0.01721700094640255 0.7780000000000001
118 0.048648178577423096 0.01723499968647957 0.7859999999999998
119 0.04762433469295502 0.01709200069308281 0.7774000000000001
120 0.04694614186882973 0.016674000769853592 0.7724
