1 0.32307514548301697 0.13941799104213715 1.0
2 0.0824471116065979 0.030282998457551003 0.9518999999999999
3 0.07398002594709396 0.026937996968626976 0.9301000000000001
4 0.07210855931043625 0.026328999549150467 0.9321000000000002
5 0.07248999178409576 0.026447001844644547 0.9318
6 0.07169940322637558 0.026248997077345848 0.9316999999999999
7 0.07177621126174927 0.02613999880850315 0.9278000000000002
8 0.07200812548398972 0.026252998039126396 0.9313000000000002
9 0.07181468605995178 0.02609900012612343 0.9269000000000001
10 0.07173573225736618 0.026224002242088318 0.9324
11 0.0712009146809578 0.025866998359560966 0.9264000000000001
12 0.07208649814128876 0.026488998904824257 0.93
13 0.07200659066438675 0.026395002380013466 0.9323999999999998
14 0.07195889204740524 0.026013998314738274 0.9320999999999999
15 0.07227659225463867 0.02616799809038639 0.9292
16 0.07170956581830978 0.026252001523971558 0.929
17 0.07202845066785812 0.026233002543449402 0.9268000000000001
18 0.07310973852872849 0.026361001655459404 0.9301999999999999
19 0.07136224955320358 0.026260001584887505 0.9272
20 0.07170040160417557 0.025897998362779617 0.9281
21 0.07155274599790573 0.025735998526215553 0.9296
22 0.07259955257177353 0.026163998991250992 0.9297000000000001
23 0.07145603746175766 0.0258720014244318 0.9250000000000002
24 0.07040228694677353 0.025967001914978027 0.9260999999999999
25 0.07173718512058258 0.02621300332248211 0.9272
26 0.0712452083826065 0.025970999151468277 0.9303000000000002
27 0.07188275456428528 0.02585899829864502 0.9236000000000001
28 0.07175641506910324 0.0259109977632761 0.9285
29 0.07114852219820023 0.02601799927651882 0.9332
30 0.07122047245502472 0.025665998458862305 0.9254000000000001
31 0.07148919254541397 0.02642800286412239 0.9353
32 0.07137932628393173 0.02602200210094452 0.9293000000000001
33 0.07184286415576935 0.026277000084519386 0.9318000000000002
34 0.07215049117803574 0.02604300156235695 0.9318000000000003
35 0.07157125324010849 0.026256000623106956 0.9296
36 0.07088091224431992 0.025829998776316643 0.9276
37 0.07129766792058945 0.026197999715805054 0.9272
38 0.07071331143379211 0.025739997625350952 0.9244
39 0.06897753477096558 0.0249790009111166 0.9200000000000002
40 0.06516572833061218 0.023381998762488365 0.9034000000000001
41 0.0612667016685009 0.02190299890935421 0.8831999999999999
42 0.05591505393385887 0.019763996824622154 0.8507999999999998
43 0.05305025726556778 0.018796000629663467 0.8242999999999998
44 0.05091587454080582 0.01784300059080124 0.7966
45 0.048497918993234634 0.016749000176787376 0.7727999999999999
46 0.04789828881621361 0.016826001927256584 0.7618
47 0.04663640633225441 0.01637599989771843 0.7512999999999999
48 0.04737503454089165 0.016561999917030334 0.7505
49 0.045804452151060104 0.0162190031260252 0.7467
50 0.0451202429831028 0.015929000452160835 0.7365999999999999
51 0.045157115906476974 0.015904998406767845 0.7288
52 0.045483168214559555 0.015949999913573265 0.7332999999999998
53 0.045385461300611496 0.016009001061320305 0.7295
54 0.0442420169711113 0.01563900150358677 0.7257
55 0.04455818608403206 0.015608000569045544 0.7296000000000001
56 0.04465131089091301 0.01570499874651432 0.7256
57 0.044369157403707504 0.015447999350726604 0.7163999999999999
58 0.043987758457660675 0.015545000322163105 0.7236
59 0.04469059780240059 0.01555199921131134 0.7190000000000001
60 0.04468367621302605 0.015527999959886074 0.7136999999999999
61 0.044645290821790695 0.015806999057531357 0.7249999999999999
62 0.04461435228586197 0.015583999454975128 0.7218
63 0.04511960968375206 0.01550699956715107 0.7198
64 0.04503597691655159 0.01588299870491028 0.7218
65 0.04471036046743393 0.01554899848997593 0.7164999999999999
66 0.04440626502037048 0.015465999953448772 0.7144
67 0.04425926133990288 0.015657000243663788 0.7235999999999999
68 0.04486160725355148 0.015695998445153236 0.7235999999999999
69 0.04468464478850365 0.015550998039543629 0.7146
70 0.04444654658436775 0.015392999164760113 0.7061
71 0.04338712617754936 0.015287001617252827 0.7118
72 0.043865177780389786 0.015324997715651989 0.7093999999999998
73 0.044767044484615326 0.015612000599503517 0.7178000000000001
74 0.04430859908461571 0.015429998748004436 0.7186
75 0.04461166635155678 0.015560001134872437 0.7226000000000001
76 0.044258829206228256 0.015541999600827694 0.7211999999999998
77 0.043663911521434784 0.015413999557495117 0.7193
78 0.04388586804270744 0.015406000427901745 0.7162
79 0.04433571919798851 0.015744002535939217 0.723
80 0.044425539672374725 0.015537001192569733 0.7156
81 0.04433118551969528 0.015525000169873238 0.7087999999999999
82 0.043401822447776794 0.015353999100625515 0.706
83 0.043831970542669296 0.015286000445485115 0.7074
84 0.04400147125124931 0.015536000020802021 0.7169
85 0.04391102120280266 0.015326999127864838 0.7102999999999999
86 0.04391635209321976 0.01549100037664175 0.7210000000000001
87 0.043586984276771545 0.015286999754607677 0.7172999999999999
88 0.04398060217499733 0.01556799840182066 0.7178
89 0.04413793608546257 0.015313999727368355 0.7079000000000001
90 0.04410978779196739 0.015625 0.7168000000000002
91 0.04386357590556145 0.0155239999294281 0.7179999999999999
92 0.043586354702711105 0.015201999805867672 0.7102
93 0.04365965723991394 0.015464000403881073 0.7162
94 0.043136049062013626 0.01510899979621172 0.7111
95 0.044384997338056564 0.015401000156998634 0.712
96 0.04374910518527031 0.015238001011312008 0.7068000000000001
97 0.04346314072608948 0.015482001006603241 0.7145000000000001
98 0.044139884412288666 0.01546300109475851 0.7188
99 0.04449388012290001 0.015519002452492714 0.7102
100 0.043500203639268875 0.015325999818742275 0.7072999999999999
101 0.043711770325899124 0.015147000551223755 0.7048
102 0.04376929998397827 0.01520600076764822 0.7034999999999999
103 0.04422273114323616 0.015325997956097126 0.7083999999999999
104 0.043523211032152176 0.015194999985396862 0.7071999999999999
105 0.04318145662546158 0.015084000304341316 0.7035
106 0.04381106048822403 0.015130996704101562 0.7022999999999999
107 0.044529110193252563 0.01569399982690811 0.7216999999999999
108 0.043986838310956955 0.01532099861651659 0.7125999999999999
109 0.04320317879319191 0.01517800148576498 0.7071
110 0.043657612055540085 0.015412000007927418 0.7045999999999999
111 0.0448741540312767 0.01543899904936552 0.7086999999999999
112 0.04283860698342323 0.014825998805463314 0.7001
113 0.04393233731389046 0.015215999446809292 0.7030000000000001
114 0.04394850134849548 0.015395000576972961 0.7095
115 0.0434233620762825 0.01550699770450592 0.7175999999999999
116 0.04378810524940491 0.015313997864723206 0.7076
117 0.04303964227437973 0.015163998119533062 0.7091000000000001
118 0.04380493983626366 0.015560999512672424 0.7209999999999999
119 0.0438142791390419 0.015500999987125397 0.7205999999999999
120 0.04363112151622772 0.01523599959909916 0.7111
