1 0.07324758917093277 0.026627996936440468 0.9312799999999997
2 0.07224830240011215 0.026276998221874237 0.9305799999999997
3 0.07190503180027008 0.026194801554083824 0.9295
4 0.07202861458063126 0.026268601417541504 0.9322600000000001
5 0.07100581377744675 0.02585960179567337 0.9272200000000003
6 0.06932627409696579 0.025092799216508865 0.9166399999999999
7 0.06421224772930145 0.023269593715667725 0.9016600000000001
8 0.05784119293093681 0.020865194499492645 0.86642
9 0.052776727825403214 0.01860639825463295 0.82536
10 0.05049137398600578 0.017802398651838303 0.8007599999999999
11 0.049063533544540405 0.0174889974296093 0.7919200000000001
12 0.04853814095258713 0.017200198024511337 0.7864800000000001
13 0.04871506616473198 0.01726199872791767 0.7838800000000002
14 0.04857506975531578 0.017265599220991135 0.7854599999999998
15 0.04834479093551636 0.017107797786593437 0.78286
16 0.04785739630460739 0.01712699793279171 0.78024
17 0.048091623932123184 0.01695520058274269 0.7769800000000001
18 0.048349201679229736 0.01719699800014496 0.7813
19 0.04838431254029274 0.017018603160977364 0.7799
20 0.04839106276631355 0.017158599570393562 0.7786000000000002
21 0.047930758446455 0.016997400671243668 0.7754200000000003
22 0.04825891926884651 0.016974598169326782 0.7750800000000001
23 0.0478433296084404 0.017114801332354546 0.7785400000000001
24 0.04844000190496445 0.01708259992301464 0.7793599999999999
25 0.04796885326504707 0.017086397856473923 0.7774999999999999
26 0.048865146934986115 0.017234399914741516 0.7861999999999999
27 0.0480770543217659 0.01711919717490673 0.7805
28 0.047555580735206604 0.016947200521826744 0.7759999999999999
29 0.04823235422372818 0.0171028021723032 0.7795800000000002
30 0.048451412469148636 0.01712620072066784 0.7794400000000001
31 0.04752085730433464 0.016950201243162155 0.77582
32 0.047817572951316833 0.01704620011150837 0.7776599999999999
33 0.048254404217004776 0.017013801261782646 0.7779800000000003
34 0.04781376197934151 0.01696160063147545 0.7782200000000001
35 0.047423362731933594 0.01700359769165516 0.77772
36 0.04762536287307739 0.016849998384714127 0.7753400000000003
37 0.04810211434960365 0.017073601484298706 0.7793800000000002
38 0.04791664332151413 0.017007796093821526 0.7778800000000001
39 0.04782852530479431 0.01704919897019863 0.7796600000000001
40 0.04794206842780113 0.0170632004737854 0.7777600000000002
41 0.048121750354766846 0.016935203224420547 0.7786400000000002
42 0.04785925894975662 0.017049601301550865 0.7753800000000001
43 0.0476214699447155 0.017031600698828697 0.7748
44 0.04754023626446724 0.01705840229988098 0.77764
45 0.0477156825363636 0.016861001029610634 0.7749200000000002
46 0.048024993389844894 0.016892798244953156 0.77422
47 0.04778451845049858 0.01688080094754696 0.77448
48 0.048040151596069336 0.01696079969406128 0.7730999999999998
49 0.04784991219639778 0.017005199566483498 0.7770200000000002
50 0.04749133065342903 0.016926400363445282 0.7762400000000004
51 0.04746278002858162 0.016928600147366524 0.77666
52 0.04749468341469765 0.01702680066227913 0.7763600000000004
53 0.04840090125799179 0.017048997804522514 0.78012
54 0.0471215657889843 0.016920000314712524 0.7745000000000002
55 0.04771335422992706 0.016936399042606354 0.7749400000000003
56 0.04825442284345627 0.01700100116431713 0.7778200000000001
57 0.047899030148983 0.016989998519420624 0.7804599999999998
58 0.04799947515130043 0.0170051958411932 0.77402
59 0.047701120376586914 0.016913799569010735 0.7733400000000001
60 0.04787867143750191 0.01701599732041359 0.7764400000000002
61 0.047744061797857285 0.016929401084780693 0.77394
62 0.048194680362939835 0.01708180084824562 0.7779400000000001
63 0.04754580929875374 0.0169839970767498 0.7779800000000001
64 0.047388575971126556 0.016780400648713112 0.77566
65 0.047826603055000305 0.016992999240756035 0.77876
66 0.04833078384399414 0.0169794000685215 0.7762399999999998
67 0.04774933308362961 0.01702580228447914 0.7761
68 0.04772624745965004 0.01701040007174015 0.7785600000000001
69 0.048010971397161484 0.016957800835371017 0.7747000000000003
70 0.04809076711535454 0.017017798498272896 0.7797799999999999
71 0.04789615049958229 0.016957998275756836 0.7730400000000002
72 0.04801147058606148 0.01702119968831539 0.77452
73 0.04768480360507965 0.017041999846696854 0.77546
74 0.047597579658031464 0.017037199810147285 0.77608
75 0.047899339348077774 0.016990400850772858 0.7781999999999999
76 0.047631338238716125 0.01689160242676735 0.7750600000000003
77 0.04784853756427765 0.01698179915547371 0.78096
78 0.04777738079428673 0.017006201669573784 0.7791800000000001
79 0.04755139350891113 0.017109600827097893 0.7778800000000002
80 0.04767441004514694 0.01693820022046566 0.7764800000000001
81 0.04783398658037186 0.016891799867153168 0.7740400000000001
82 0.047322530299425125 0.016859598457813263 0.7744400000000004
83 0.047749120742082596 0.017011795192956924 0.77848
84 0.04731202498078346 0.016909796744585037 0.7740799999999995
85 0.0478208065032959 0.016984999179840088 0.7770400000000001
86 0.047213274985551834 0.016997000202536583 0.7755000000000003
87 0.047514308243989944 0.016949601471424103 0.7724599999999999
88 0.04828884080052376 0.017045799642801285 0.7771999999999999
89 0.047876860946416855 0.01709960214793682 0.7800600000000002
90 0.047628048807382584 0.01700819842517376 0.7777400000000003
91 0.047516144812107086 0.01690259575843811 0.7770400000000001
92 0.04788440093398094 0.01696239970624447 0.7752800000000003
93 0.04752137511968613 0.016975196078419685 0.7748400000000001
94 0.04785870015621185 0.01688219979405403 0.7771000000000001
95 0.0472392737865448 0.016948595643043518 0.7754399999999998
96 0.04766061156988144 0.01700640097260475 0.7781600000000001
97 0.04761146381497383 0.017076401039958 0.7792999999999999
98 0.04768579080700874 0.01706799864768982 0.7774599999999999
99 0.047716498374938965 0.016910599544644356 0.7730600000000001
100 0.04776559770107269 0.016912199556827545 0.7753
101 0.047486562281847 0.01701579988002777 0.7764000000000002
102 0.04785366356372833 0.01693679951131344 0.7755600000000001
103 0.047731127589941025 0.01697480119764805 0.7780000000000002
104 0.047762539237737656 0.016987599432468414 0.7777200000000001
105 0.04741116240620613 0.016891198232769966 0.7763
106 0.047701675444841385 0.016963601112365723 0.77838
107 0.04799405112862587 0.017129797488451004 0.7786399999999999
108 0.04794817045331001 0.01701979897916317 0.77852
109 0.07930245250463486 0.02934899926185608 0.9307399999999998
110 0.6845598220825195 0.44800475239753723 1.0
111 0.6886352896690369 0.4645540118217468 1.0
112 0.6883474588394165 0.4634632468223572 1.0
113 0.6875856518745422 0.46003586053848267 1.0
114 0.6881024241447449 0.4628010094165802 1.0
115 0.6874397397041321 0.45979541540145874 1.0
116 0.6880363821983337 0.46243441104888916 1.0
117 0.6872707009315491 0.45873385667800903 1.0
118 0.6869327425956726 0.4575149416923523 1.0
119 0.6872513294219971 0.45922622084617615 1.0
120 0.6870038509368896 0.457893043756485 1.0
