1 0.14429767429828644 0.05481720715761185 0.9949399999999998
2 0.0840659961104393 0.03097440116107464 0.9509599999999999
3 0.07578488439321518 0.027690395712852478 0.9373800000000003
4 0.07366792857646942 0.026904799044132233 0.9315399999999998
5 0.07267284393310547 0.026415595784783363 0.9306600000000002
6 0.07090912014245987 0.02583099715411663 0.9257599999999999
7 0.06960471719503403 0.025329194962978363 0.9207599999999999
8 0.06633367389440536 0.02415420301258564 0.9075399999999999
9 0.06336355209350586 0.022753603756427765 0.8919200000000003
10 0.058007121086120605 0.020695798099040985 0.8639600000000001
11 0.05363341048359871 0.01888359896838665 0.8348599999999999
12 0.05168686807155609 0.018087400123476982 0.8200800000000003
13 0.04977785795927048 0.017169194296002388 0.7986399999999998
14 0.047434642910957336 0.016367999836802483 0.7804000000000001
15 0.04575017839670181 0.01592320017516613 0.7687000000000002
16 0.044011715799570084 0.015311799012124538 0.7497799999999997
17 0.04203251376748085 0.014368000440299511 0.7214400000000001
18 0.042225182056427 0.014494199305772781 0.7253799999999998
19 0.03899311274290085 0.013344998471438885 0.6923999999999999
20 0.038669634610414505 0.013282598927617073 0.6874800000000001
21 0.03679291531443596 0.012617601081728935 0.6617399999999998
22 0.036363519728183746 0.012489399872720242 0.65518
23 0.03457136079668999 0.011961400508880615 0.6398800000000001
24 0.03614676371216774 0.01209339965134859 0.6381
25 0.03357720375061035 0.011585799045860767 0.61786
26 0.037015609443187714 0.012306400574743748 0.6425599999999999
27 0.03280941769480705 0.011278797872364521 0.6077000000000002
28 0.03323929011821747 0.011358401738107204 0.6120399999999999
29 0.032222457230091095 0.011158602312207222 0.6048
30 0.03228038176894188 0.011135799810290337 0.5991000000000001
31 0.03249431774020195 0.011030797846615314 0.5971
32 0.032492659986019135 0.010991999879479408 0.5994600000000001
33 0.03178204968571663 0.011004800908267498 0.59742
34 0.031134070828557014 0.01063739974051714 0.58142
35 0.030963439494371414 0.010504200123250484 0.5781799999999998
36 0.030168404802680016 0.01037519983947277 0.5678599999999999
37 0.0302409827709198 0.010452799499034882 0.57406
38 0.03149610757827759 0.010809800587594509 0.58806
39 0.031236940994858742 0.010514000430703163 0.57412
40 0.029130157083272934 0.009829799644649029 0.5406799999999999
41 0.02863401733338833 0.009678998962044716 0.53698
42 0.029496973380446434 0.009975400753319263 0.5458999999999999
43 0.027857238426804543 0.009513800032436848 0.52882
44 0.027636980637907982 0.009501799941062927 0.5234800000000001
45 0.027409769594669342 0.009414199739694595 0.5197800000000001
46 0.028051204979419708 0.009506599977612495 0.5262999999999999
47 0.030370241031050682 0.0101981982588768 0.55532
48 0.02722412720322609 0.009258199483156204 0.5146
49 0.02720966562628746 0.009217600338160992 0.5139999999999999
50 0.029768826439976692 0.0096813989803195 0.53246
51 0.026923643425107002 0.009251000359654427 0.5121800000000002
52 0.026929259300231934 0.009175400249660015 0.50644
53 0.02731885202229023 0.009134000167250633 0.50556
54 0.026467373594641685 0.008865797892212868 0.4941200000000001
55 0.026256689801812172 0.00889620091766119 0.4967399999999999
56 0.02813437208533287 0.009142200462520123 0.51016
57 0.025562789291143417 0.008640998043119907 0.48428
58 0.025757040828466415 0.00885819923132658 0.4948000000000002
59 0.025401704013347626 0.008697200566530228 0.4823600000000002
60 0.02776312455534935 0.009618799202144146 0.51712
61 0.025151584297418594 0.008546999655663967 0.47287999999999997
62 0.02566741406917572 0.008630400523543358 0.4790799999999998
63 0.026275943964719772 0.008855399675667286 0.4886600000000001
64 0.027010448276996613 0.008985600434243679 0.4886799999999999
65 0.025081127882003784 0.00846440065652132 0.47206
66 0.025261452421545982 0.00859259907156229 0.47722000000000003
67 0.024618541821837425 0.008350597694516182 0.46712000000000026
68 0.025259027257561684 0.008715999312698841 0.48188000000000003
69 0.026227321475744247 0.008888199925422668 0.48963999999999996
70 0.024421148002147675 0.008364199660718441 0.4695200000000002
71 0.02452123537659645 0.008299999870359898 0.46328
72 0.026817627251148224 0.008977598510682583 0.49064
73 0.029959022998809814 0.010292399674654007 0.5429999999999999
74 0.024910494685173035 0.00848779920488596 0.4671799999999999
75 0.024303117766976357 0.008165598846971989 0.45883999999999986
76 0.024718932807445526 0.008541800081729889 0.4726600000000001
77 0.024701552465558052 0.008317997679114342 0.46922000000000014
78 0.025260061025619507 0.008493199944496155 0.47087999999999997
79 0.024311522021889687 0.008164400234818459 0.4589799999999999
80 0.024397945031523705 0.008317199535667896 0.4646800000000001
81 0.024134963750839233 0.008303399197757244 0.46775999999999995
82 0.02386542037129402 0.008151397109031677 0.45944000000000007
83 0.02597607858479023 0.008492798544466496 0.4774000000000001
84 0.02420223504304886 0.008239000104367733 0.46423999999999993
85 0.024555277079343796 0.008244399912655354 0.467
86 0.023993439972400665 0.008140399120748043 0.46418
87 0.024492552503943443 0.008203999139368534 0.46011999999999986
88 0.024748440831899643 0.008331399410963058 0.46131999999999995
89 0.025683389976620674 0.008534199558198452 0.4792
90 0.024055825546383858 0.008187600411474705 0.4575600000000001
91 0.023942776024341583 0.008025399409234524 0.4552999999999999
92 0.024876661598682404 0.008381200022995472 0.47568
93 0.02368508279323578 0.007987200282514095 0.45608000000000004
94 0.02439151704311371 0.008275799453258514 0.4652200000000001
95 0.024651478976011276 0.008314399980008602 0.46376000000000017
96 0.023881904780864716 0.008115400560200214 0.45711999999999997
97 0.024112973362207413 0.008119999431073666 0.45734
98 0.023903409019112587 0.008080799132585526 0.45221999999999984
99 0.024265460669994354 0.008047197014093399 0.45339999999999997
100 0.02432692050933838 0.008265799842774868 0.4607200000000001
101 0.0238355603069067 0.008107398636639118 0.45028000000000007
102 0.024206964299082756 0.00814680103212595 0.45185999999999993
103 0.024207131937146187 0.008253797888755798 0.46202000000000004
104 0.02298693358898163 0.007772200740873814 0.4463999999999999
105 0.0232967808842659 0.007903199642896652 0.44330000000000014
106 0.02379891276359558 0.00795779936015606 0.4496799999999999
107 0.024496719241142273 0.008226798847317696 0.4568999999999999
108 0.023938681930303574 0.008046198636293411 0.45693999999999996
109 0.02376934513449669 0.008086197078227997 0.45202
110 0.023623337969183922 0.00794340018182993 0.44872
111 0.023767173290252686 0.008003600873053074 0.45905999999999997
112 0.023258380591869354 0.00795819889754057 0.45326
113 0.02378028631210327 0.007990200072526932 0.44837999999999995
114 0.023385697975754738 0.007992199622094631 0.4484
115 0.023666324093937874 0.0080629987642169 0.45236000000000004
116 0.02398049272596836 0.00798259861767292 0.4547199999999998
117 0.02309478633105755 0.007931197993457317 0.44916000000000006
118 0.023621996864676476 0.007932600565254688 0.45252
119 0.023167423903942108 0.00781980063766241 0.44114
120 0.025200949981808662 0.008519800379872322 0.4732200000000001
