1 0.2829373776912689 0.11863039433956146 1.0
2 0.10480538755655289 0.039052996784448624 0.9764400000000001
3 0.08390526473522186 0.030820999294519424 0.9520400000000001
4 0.07762699574232101 0.02827199548482895 0.9392999999999999
5 0.07506901770830154 0.0273439921438694 0.9364600000000002
6 0.074057936668396 0.02684839628636837 0.9345399999999999
7 0.0729764848947525 0.026596998795866966 0.9313800000000001
8 0.07277536392211914 0.02652980014681816 0.9313000000000001
9 0.07234016060829163 0.02631179802119732 0.9310199999999998
10 0.07202228903770447 0.02619299851357937 0.9297999999999998
11 0.07192153483629227 0.026267796754837036 0.93048
12 0.0720229297876358 0.026157204061746597 0.9304200000000001
13 0.07156021147966385 0.026129599660634995 0.9276999999999996
14 0.0719565898180008 0.02617519721388817 0.9288799999999998
15 0.07152902334928513 0.026083000004291534 0.92936
16 0.07175194472074509 0.026076599955558777 0.9302999999999997
17 0.07182229310274124 0.02611219510436058 0.9284999999999998
18 0.07160661369562149 0.02607080340385437 0.9284599999999998
19 0.07167613506317139 0.026149000972509384 0.9282999999999998
20 0.07163736969232559 0.0260601993650198 0.9277399999999997
21 0.07169568538665771 0.02610999532043934 0.9273199999999998
22 0.07188805192708969 0.026076601818203926 0.9293199999999996
23 0.07195151597261429 0.026125600561499596 0.9289799999999998
24 0.0717148408293724 0.026092596352100372 0.9283199999999999
25 0.07185546308755875 0.02608480118215084 0.9266999999999999
26 0.07161197811365128 0.026084598153829575 0.9289200000000002
27 0.07149921357631683 0.02597459964454174 0.92902
28 0.07136371731758118 0.02594439685344696 0.9266399999999997
29 0.07186459749937057 0.026111597195267677 0.9299799999999998
30 0.07097668945789337 0.02599339932203293 0.9262799999999999
31 0.07159935683012009 0.02599640004336834 0.9287599999999999
32 0.0724039077758789 0.026104602962732315 0.9288799999999998
33 0.07196522504091263 0.026010198518633842 0.9280199999999996
34 0.07153786718845367 0.02599380351603031 0.9283399999999997
35 0.07158437371253967 0.02610059827566147 0.9293400000000002
36 0.07146342098712921 0.026055999100208282 0.9291200000000001
37 0.07121201604604721 0.026010993868112564 0.92868
38 0.07150017470121384 0.025961793959140778 0.9284399999999999
39 0.0712260827422142 0.025985803455114365 0.92822
40 0.07158241420984268 0.025934798642992973 0.9261199999999998
41 0.07145863026380539 0.025854401290416718 0.92588
42 0.07153970748186111 0.026037199422717094 0.9269999999999999
43 0.07171947509050369 0.02603820525109768 0.9261399999999996
44 0.07156230509281158 0.026089996099472046 0.9291799999999997
45 0.07170098274946213 0.026071203872561455 0.9276999999999999
46 0.0717082992196083 0.02600799687206745 0.9275399999999999
47 0.07124874740839005 0.02605639584362507 0.9294999999999998
48 0.0713730975985527 0.026034798473119736 0.9280199999999997
49 0.07142545282840729 0.025942597538232803 0.9272199999999999
50 0.07153241336345673 0.026066601276397705 0.9283399999999999
51 0.07132752984762192 0.026010796427726746 0.92786
52 0.07124435901641846 0.02597080171108246 0.9267
53 0.07177219539880753 0.026063794270157814 0.9290799999999997
54 0.07139012217521667 0.025978995487093925 0.92634
55 0.07142282277345657 0.026084596291184425 0.92826
56 0.07133596390485764 0.026159197092056274 0.9293999999999998
57 0.07177618891000748 0.02617659419775009 0.9291399999999999
58 0.07111642509698868 0.025943798944354057 0.92928
59 0.07139936834573746 0.026029402390122414 0.9272600000000001
60 0.07094192504882812 0.02590700052678585 0.9270800000000001
61 0.07150129973888397 0.02606379985809326 0.9292599999999999
62 0.07156021147966385 0.02599399723112583 0.9293199999999999
63 0.07164459675550461 0.026029197499155998 0.9300199999999998
64 0.07136262208223343 0.026004992425441742 0.9288599999999998
65 0.0717388391494751 0.025984397158026695 0.9283200000000003
66 0.07149585336446762 0.026038596406579018 0.9282799999999999
67 0.07125796377658844 0.02603059634566307 0.9299
68 0.07110855728387833 0.02581060864031315 0.9286199999999997
69 0.071722611784935 0.026064397767186165 0.9277
70 0.07130875438451767 0.0259413942694664 0.9284599999999997
71 0.07125778496265411 0.025949997827410698 0.9284000000000002
72 0.07144568115472794 0.026013001799583435 0.92988
73 0.07130052149295807 0.026050997897982597 0.92716
74 0.07149926573038101 0.02607480064034462 0.92798
75 0.07148163765668869 0.026188597083091736 0.9285599999999996
76 0.07128990441560745 0.026104792952537537 0.9287999999999998
77 0.07095993310213089 0.025861596688628197 0.92774
78 0.07100746780633926 0.025851598009467125 0.9266399999999996
79 0.07109931856393814 0.025947801768779755 0.9280200000000001
80 0.07078510522842407 0.025844797492027283 0.92696
81 0.07013203203678131 0.025534803047776222 0.92496
82 0.06830496340990067 0.024778001010417938 0.9174599999999998
83 0.06491217762231827 0.02362080104649067 0.9048999999999999
84 0.05931677296757698 0.02136099524796009 0.8748799999999999
85 0.05328117311000824 0.01891939900815487 0.8335399999999997
86 0.04942043125629425 0.0175338014960289 0.7941800000000001
87 0.0468013770878315 0.016509000211954117 0.7650199999999999
88 0.0454302541911602 0.0160599984228611 0.74546
89 0.044960904866456985 0.01580819860100746 0.7332000000000002
90 0.04526717588305473 0.015922199934720993 0.73122
91 0.04481348395347595 0.015801798552274704 0.7278599999999998
92 0.04442213848233223 0.015545397996902466 0.7218999999999999
93 0.04446236044168472 0.015579999424517155 0.72194
94 0.044039156287908554 0.015600401908159256 0.7195599999999998
95 0.0441129133105278 0.01553339883685112 0.7182
96 0.043896134942770004 0.015454401262104511 0.71646
97 0.04426458850502968 0.015541600994765759 0.7169599999999999
98 0.04395090416073799 0.015363997779786587 0.7095600000000001
99 0.04391513392329216 0.01542380079627037 0.70974
100 0.04388396069407463 0.01549739670008421 0.7113200000000002
101 0.043748438358306885 0.01534000039100647 0.7063000000000001
102 0.04346077889204025 0.01523059792816639 0.7057400000000001
103 0.0436747744679451 0.015294197015464306 0.7054199999999998
104 0.043408844619989395 0.015251598320901394 0.70574
105 0.04450349882245064 0.015549802221357822 0.7093600000000001
106 0.044127531349658966 0.01537380088120699 0.70844
107 0.04322471842169762 0.015249401330947876 0.7045399999999999
108 0.04337875172495842 0.015188397839665413 0.70416
109 0.043411824852228165 0.015180801041424274 0.7021999999999997
110 0.042961485683918 0.015037398785352707 0.70126
111 0.04332924261689186 0.01511200051754713 0.6990999999999999
112 0.04331234470009804 0.01524639967828989 0.7030399999999998
113 0.04349774122238159 0.015172600746154785 0.7047600000000002
114 0.04316948354244232 0.015072398819029331 0.69718
115 0.04316110536456108 0.01515519805252552 0.6989000000000002
116 0.04339922219514847 0.015109599567949772 0.69868
117 0.04355916008353233 0.015187996439635754 0.7018800000000001
118 0.04282708093523979 0.014935599640011787 0.69332
119 0.04320574551820755 0.015147601254284382 0.7020199999999996
120 0.04295288771390915 0.014997998252511024 0.6979999999999998
