0.088905603
0.037196394
0.030895995
0.029109197
0.02795
0.027353399
0.0268666
0.026756601
0.0264642
0.026399396
0.026241796
0.026189201
0.026064396
0.026092794
0.026136598
0.026109394
0.026189201
0.026039595
0.025968999
0.026054198
0.025905795
0.026034998
0.025975198
0.026115002
0.025875797
0.025808198
0.025607798
0.025039397
0.023516998
0.021618599
0.019129198
0.016993998
0.016041201
0.015597799
0.015336799
0.015250196
0.015168396
0.015180402
0.0150014
0.014924998
0.015000797
0.014973996
0.015001801
0.0149408
0.014975597
0.015053
0.014919001
0.014946997
0.0149852
0.0149016
0.014962601
0.014906599
0.0149584
0.014776601
0.014926201
0.014911598
0.015029598
0.0148816
0.0148386
0.014821603
0.0147762
0.0148666
0.014854201
0.014863402
0.014829202
0.014870801
0.014801998
0.014748599
0.014831
0.014862198
0.014788601
0.0149396
0.014778601
0.014726997
0.014868799
0.0146674
0.014787601
0.014895201
0.014741197
0.0147758
0.014814398
0.014892197
0.014811801
0.014800598
0.014849996
0.014781199
0.0147756
0.014915199
0.014891201
0.014762398
0.014817998
0.014775001
0.014714999
0.014828201
0.014794799
0.014745202
0.014819195
0.014715802
0.014826599
0.014563799
0.014249799
0.014044002
0.013611599
0.013117797
0.012631001
0.012219801
0.011828599
0.011443797
0.0112194
0.010964402
0.011036797
0.010613799
0.010739
0.010606401
0.010545999
0.010604398
0.0104516
0.010425001
0.0104234
0.010419
